1,3,42,The Answer To The,Universe,NY,10016-1616,3,0
1,1,915,27 Cash Flow Road,Gainsville,FL,90612-4444
1,2,87,175 Money Market Lane,Washington,DC,11111-2222,1
1,2,455,780 Taco Bell,Ringading,CA,98765-4321,5
1,3,17,10 Running Out Of,Ideas,TX,45678-7654,1,1
1,1,37,1 Bank Plaza,Chicago,IL,60001-2468
1,3,9,Number Of Lives,Cat,NV,99999-9999,8,5
8,70016,Larry,Henschen,1 Bank One Plaza,Chicago,IL,60001-2345,25.37,2
8,70184,A,Schwarzennoodlezoupe,28 Body Building Way”,LA,CA,90016-5544,0.0,0
8,51538,Victoriane,Age,19 th Century,London,CN,00154-0028,3000.00,3
2,87,0
2,9,3
2,9,2
2,17,0
4,42,1,250000
4,17,0,120000
4,9,0,100000
4,9,1,326803
4,9,2,161827
6,915,412399
6,37,100
12,51538,100,9,1,0
13,51538,100,9,1,0
12,70016,30000,87,0
13,70016,20000,42,1,1
12,70016,21000,9,2,3
13,70184,10000,915
8,200156,A,B,1&2 26 Letters in the Alphabet,C,DE,12345-6789,41678.31,1
8,1,Very,Old,99 Years Old,Retirementvillageone,FL,99999-9999,28.15,3
13,200156,412399,87,0
13,70016,15000,17,1,0
12,200156,1000,37
6,37,20000
12,200156,1000,37
13,70016,1000,87,3
13,70016,1000,17,1,2
13,70016,1000,455,2
12,70016,1000,9,1,5
3,17,0
3,9,2
5,9,2
14
11
7
9,70016
9,51538
9,1
10,87
10,42
10,9
10,87
11
7
100