1,3,42,The Answer To The,Universe,NY,10016-1616,3,0
1,1,915,27 Cash Flow Road,Gainsville,FL,90612-4444
1,2,87,175 Money Market Lane,Washington,DC,11111-2222,1
1,2,455,780 Taco Bell,Ringading,CA,98765-4321,5
1,3,17,10 Running Out Of,Ideas,TX,45678-7654,1,1
1,1,37,1 Bank Plaza,Chicago,IL,60001-2468
1,3,9,Number Of Lives,Cat,NV,99999-9999,8,5
2,37,2
2,87,0
2,9,3
2,9,2
2,42,1
2,17,0
4,915,2,200000
4,87,1,300000
4,42,1,250000
4,17,0,120000
4,9,0,100000
4,9,1,326803
4,9,2,161827
6,915,412399
6,455,200000
6,17,42
6,915,3
3,915,2
3,17,0
3,9,2
5,455,2
5,9,2
7,
100